Genome|OGT|Genome G+C	A	R	N	D	C	Q	E	G	H	I	L	K	M	F	P	S	T	W	Y	V
Acidianus hospitalis W1|65|34.1	5.81	4.05	4.72	4.82	0.79	2.04	7.33	6.52	1.28	9.81	10.06	8.32	1.87	4.52	3.89	6.8	4.55	0.97	4.72	7.12
Acidilobus saccharovorans 345-15|80|57.2	9.66	6.53	2.85	4.67	0.64	2.23	6.45	8.12	1.34	5.64	10.9	4.31	2.19	3.31	4.98	7.3	4.48	1.23	4	9.18
Archaeoglobus fulgidus VC-16, DSM 4304|76|48.6	7.85	5.89	3.2	4.89	1.19	1.81	8.94	7.3	1.51	7.21	9.52	6.91	2.24	4.57	3.86	5.56	4.19	1.06	3.63	8.57
Archaeoglobus profundus Av18, DSM 5631|82|42	6.49	5.73	3.53	5.34	1.31	1.58	8.6	6.66	1.52	8.33	9.8	8.26	1.9	4.51	3.73	5.04	4.16	0.99	3.83	8.71
Caldisphaera lagunensis IC-154, DSM 15908|75|30	5.7	3.58	6.22	4.86	0.62	1.97	6.7	6.49	1.23	10.86	9.98	8.37	2.03	4.11	3.98	7.04	4.37	1.01	4.86	6.01
Cenarchaeum symbiosum A|10|57.4	9.27	6.39	2.97	6.54	1.16	2.39	6.28	9.6	2.09	5.91	8.29	4.16	2.65	3.55	5.25	7.12	5.29	0.86	3.1	7.13
Desulfurococcus kamchatkensis 1221n|85|45.34	6.6	6.21	3.47	4.57	0.74	1.74	7.16	7.41	1.67	8.54	10.77	5.82	1.98	3.27	4.5	6.49	4.8	1.1	4.56	8.6
Fervidicoccus fontis Kam940|67.5|37.5	6.11	4.43	4.41	4.45	0.72	1.93	7.78	6.69	1.31	9.71	10.14	8.25	2.07	4.43	3.91	7.49	4.29	0.96	4.22	6.72
Haloferax volcanii DS2|42|66.6	11.46	6.69	2.32	8.63	0.67	2.29	8.06	8.66	1.92	3.77	9.1	1.98	1.45	3.46	4.58	5.74	6.09	1.08	2.58	9.48
Halogeometricum borinquense PR3, DSM 11551|40|61.1	10.52	6.49	2.61	8.34	0.69	2.55	8.51	8.23	2.03	4.12	8.73	2.24	1.5	3.47	4.5	5.99	6.59	1.11	2.7	9.08
Halomicrobium mukohataei arg-2, DSM 12286|45|65.6	11.14	6.66	2.17	8.69	0.74	2.74	8.32	8.56	1.98	3.95	8.93	1.68	1.36	3.17	4.62	5.58	6.67	1.14	2.67	9.24
Haloplanus natans DSM 17983|40|65	11.43	7.31	2.22	8.64	0.75	2.18	7.8	8.77	1.97	3.79	9.02	1.76	1.35	3.22	4.82	5.27	6.56	1.12	2.65	9.34
Halorhabdus tiamatea SARL4B|45|62.6	10.7	6.46	2.37	8.7	0.61	2.67	8.94	8.35	2.03	4.38	8.83	1.82	1.41	3.27	4.61	5.48	6.6	1.17	2.73	8.86
Halorubrum lacusprofundi ATCC 49239|34|66.7	11.87	6.7	2.27	8.96	0.66	2.03	8.46	9.11	1.88	4.11	8.59	1.73	1.35	3.26	4.77	5.29	6.2	1.05	2.52	9.19
Halovivax ruber XH-70, DSM 18193|37|64.3	11.13	6.47	2.14	8.85	0.75	2.45	8.26	8.55	2.05	4.29	8.75	1.57	1.35	3.16	4.82	5.88	6.86	1.12	2.61	8.94
Ignicoccus islandicus Kol8, DSM 13165|90|44.9	6.9	5.43	3.53	4.57	1.03	1.76	8.2	6.79	1.46	7.21	10.94	7.56	1.9	3.58	4.57	6.17	4.46	1.3	3.87	8.78
Methanobacterium formicicum BRM9|35|41.3	6.48	4.1	4.66	5.56	1.14	3.2	7.43	7.24	1.89	8.15	9.74	6.79	2.43	3.98	4.06	6.14	5.46	0.89	3.46	7.19
Methanobrevibacter olleyae DSM 16632|37|26.9	6.03	3.26	6.55	6.49	1.21	2.1	7.65	6.47	1.51	9.66	9.05	8.31	1.91	4.3	3.07	6.86	4.95	0.66	3.88	6.09
Methanocaldococcus infernus ME|73|33.6	5.38	4.3	4.7	5.03	1.3	1.25	9.27	6.42	1.42	10.18	10.34	10.52	1.64	4.21	3.45	4.83	3.79	0.65	4.33	7
Methanococcoides burtonii DSM 6242|23.4|40.8	6.8	4.18	4.6	6.35	1.2	2.46	7.34	7.09	1.95	8.46	8.98	6.47	2.69	4.03	3.63	6.75	5.45	0.87	3.39	7.31
Methanococcus maripaludis S2|32.5|33.1	5.83	3.11	5.65	5.62	1.37	1.88	8.16	6.77	1.51	9.43	9.16	8.88	2.28	4.22	3.41	6.27	4.97	0.65	3.83	7
Methanococcus vannielii SB|30|31.3	5.27	3.2	6.01	5.24	1.3	1.83	7.96	6.6	1.53	9.95	9.32	9.44	2.12	4.36	3.36	6.46	4.87	0.6	3.86	6.7
Methanoculleus marisnigri JR1, DSM 1498|23|62.1	10.21	7.04	2.73	5.75	1.31	2.35	7.2	8.54	1.98	6.17	9.5	3.37	2.08	3.65	5.01	5.12	5.56	1.01	3.04	8.38
Methanosarcina mazei Go1|35|41.5	7.09	4.68	4.36	5.27	1.25	2.49	8.19	7.25	1.68	7.68	9.46	6.84	2.17	4.31	4.02	6.77	5.13	0.94	3.54	6.89
Methanosarcina thermophila TM-1|50|41.1	7.43	4.81	4.23	5.14	1.25	2.48	8.18	7.25	1.65	7.9	9.6	6.79	2.1	4.19	4.14	6.54	5.08	0.9	3.43	6.89
Methanothermobacter thermautotrophicus Delta H|67.5|49.5	7.35	6.81	3.32	5.93	1.21	1.91	8.17	8	1.88	7.73	9.5	4.58	2.73	3.66	4.32	6.16	4.98	0.84	3.24	7.69
Natronococcus occultus SP4|37|64.9	10.73	6.7	2.18	8.48	0.76	2.34	9.66	8.37	1.98	4.29	9.16	1.72	1.36	3.2	4.68	5.32	6.26	1.15	2.77	8.89
Palaeococcus pacificus DY20341|80|43	7.17	4.83	3.44	4.63	0.58	1.97	8.89	7.25	1.63	8.24	10.5	8.22	2.1	4.57	4	4.97	4.35	1.16	3.92	7.58
Picrophilus torridus DSM 9790|60|36	5.63	4.44	6.64	5.88	0.62	1.47	5.68	6.54	1.49	11.11	8.66	6.92	2.75	4.87	3.5	7.46	4.39	0.74	5.46	5.75
Pyrobaculum islandicum DSM 4184|100|49.6	9.17	6.88	2.51	4.47	0.89	2.12	7.02	7.47	1.55	6.65	10.63	5.73	1.58	3.56	5.03	4.77	4.75	1.36	4.28	9.57
Pyrococcus furiosus DSM 3638|86.5|40.8	6.58	5.35	3.5	4.38	0.6	1.76	8.94	7.15	1.52	8.74	10.16	8.13	1.91	4.45	4.3	4.95	4.43	1.24	4.02	7.89
Pyrococcus yayanosii CH1|98|51.6	7.58	6.57	2.94	4.56	0.6	1.68	8.96	7.68	1.64	7.48	10.64	6.73	2.06	4.33	4.4	4.51	4.37	1.24	3.69	8.31
Pyrolobus fumarii 1A, DSM 11204|106|54.9	9.58	8.16	2.14	4.33	1.06	1.72	7.88	7.52	1.89	5.9	11.43	4.52	1.81	2.64	5.01	5.17	4.51	1.36	3.54	9.85
Sulfolobus islandicus M.16.4|80|35	5.68	4.41	5.12	4.76	0.6	2.13	6.88	6.49	1.3	9.79	10.31	7.67	1.87	4.36	3.89	6.75	4.79	1.04	4.84	7.33
Thermococcus sp. CL1|85|55.8	7.74	6.57	3.07	4.75	0.54	1.7	8.74	7.98	1.66	6.66	10.61	5.97	2	4.29	4.49	4.88	4.65	1.3	3.87	8.53
Thermoplasma acidophilum DSM 1728|54|46	6.99	5.49	4.26	5.78	0.58	2.16	6.03	7.28	1.63	9.07	8.44	5.69	2.88	4.7	3.95	7.56	4.79	0.85	4.65	7.2
Thermoplasma volcanium GSS1|50|39.9	6.42	4.7	4.73	5.52	0.6	2.09	6.4	7.03	1.51	9.2	8.77	6.9	2.45	4.76	3.79	7.54	4.81	0.84	4.75	7.17
Thermoproteus tenax Kra1|86|55.1	10.11	7.12	2.59	4.55	0.82	2.12	6.72	7.92	1.44	6.26	10.93	4.74	1.75	3.44	5.1	5.68	4.27	1.33	4.18	8.92
Vulcanisaeta distributa DSM 14429|90|45.4	7.09	6.39	4.39	4.86	0.74	1.9	6.02	7.5	1.45	8.51	10.53	4.65	2.36	3.46	4.51	6.04	4.85	1.29	4.46	9
