Genome|OGT|Genome G+C	A	R	N	D	C	Q	E	G	H	I	L	K	M	F	P	S	T	W	Y	V
Agrobacterium radiobacter K84|26.5|59.87	11.71	6.48	2.98	5.85	0.78	3.19	5.67	8.29	2.07	5.89	9.93	3.96	2.27	3.93	4.87	5.82	5.45	1.26	2.4	7.21
Aquifex aeolicus VF5|96|43.5	5.91	4.93	3.61	4.34	0.8	2.05	9.7	6.76	1.55	7.36	10.63	9.47	1.62	5.15	4.08	4.8	4.21	0.93	4.15	7.96
Azotobacter chroococcum X50Fred|27|66.3	11.77	7.71	2.5	5.24	1.07	4.18	6.36	8.36	2.38	4.29	12.44	2.99	1.76	3.54	5.21	5.26	4.29	1.47	2.42	6.76
Bacillus coagulans 2-6|55|46.9	8.22	4.99	3.82	4.82	0.91	3.64	7.2	7.24	2.22	6.9	9.64	7.36	2.42	4.49	3.95	5.55	5.21	1.07	3.41	6.82
Bartonella henselae Houston-1|37|38.2	8.38	5.28	4.33	5	1.08	4.08	6.05	6.97	2.42	7.45	10.02	6.13	2.15	4.46	3.93	6.58	5.37	1.06	2.82	6.42
Bdellovibrio bacteriovorus Tiberius|29|49.9	8.48	4.71	4.21	5.22	0.96	3.98	6.28	7.27	1.89	5.64	9.69	6.58	2.36	4.49	4.17	6.99	5.64	1.22	3.12	7.09
Bordetella parapertussis Bpp5|36|67.8	13.64	7.53	2.44	5.37	0.94	4.07	5.03	8.66	2.19	4.41	10.83	2.7	2.17	3.31	5.42	4.94	4.85	1.43	2.47	7.62
Caldanaerobacter subterraneus tengcongensis MB4T|75|37.6	6.52	4.36	4.37	4.96	0.76	2.34	8.43	6.87	1.44	8.98	9.61	8.89	2.2	4.39	3.58	5.27	4.61	0.8	4.04	7.57
Caldicellulosiruptor hydrothermalis 108|79|36.1	5.99	4	4.92	5.15	1.13	2.97	7.51	5.98	1.41	9.31	9.56	9.03	1.96	5.1	3.35	5.97	4.5	0.87	4.18	7.09
Caldicellulosiruptor kristjanssonii 177R1B, DSM 12137|78|36.1	5.87	4.16	4.91	5.18	1.14	2.93	7.76	5.97	1.37	9.24	9.55	9.2	1.88	5.04	3.2	5.95	4.45	0.81	4.2	7.17
Caldicellulosiruptor kronotskyensis 2002|70|35.1	5.84	3.93	5.07	5.21	1.11	2.92	7.49	6.06	1.36	9.42	9.37	7.36	1.93	5.07	3.29	5.97	4.62	0.93	4.31	7.1
Caldicellulosiruptor obsidiansis OB47|79|35.2	5.82	4	5	5.17	1.11	2.92	7.64	6.01	1.36	9.44	9.46	9.13	1.93	5.13	3.24	5.94	4.48	0.84	4.2	7.15
Caldicellulosiruptor owensensis OL|79|35.4	5.96	4.05	4.94	5.2	1.12	2.9	7.75	6.12	1.37	9.43	9.34	9.09	1.94	4.99	3.22	5.86	4.49	0.83	4.16	7.24
Candidatus Desulforudis audaxviator MP104C|60|60.8	10.29	8.14	2.58	4.86	1.16	3.02	7.11	8.67	1.99	5.02	11.04	3.77	1.75	3.66	5.07	4.3	4.91	1.13	2.69	8.83
Carboxydothermus hydrogenoformans Z-2901|78|42	7.67	4.72	4.12	4.27	0.9	2.83	7.97	7.54	1.51	7.51	11.08	7.87	1.76	4.6	4.21	4.59	4.82	0.85	3.65	7.52
Cellulophaga algicola IC166, DSM 14237|20|33.8	6.59	3.17	6.1	5.74	0.75	3.16	6.65	6.43	1.69	8.07	9.39	7.81	1.8	5.2	3.3	6.62	6.24	1.05	4.12	6.14
Clostridium saccharobutylicum DSM 13864|32|28.7	5.53	3.19	6.84	5.71	1.27	2.57	7.37	6.25	1.34	10.01	8.86	9.11	2.27	4.27	2.59	6.6	5.07	0.72	4.16	6.28
Clostridium stercorarium stercorarium DSM 8532|60|42.2	6.65	4.89	5.06	5.36	1.2	2.59	7.42	6.87	1.57	8.43	9.08	7.15	2.41	4.47	3.66	5.73	5.14	0.94	4.23	7.17
Colwellia psychrerythraea 34H|8|38.05	8.15	3.77	5.08	5.57	1.02	4.52	5.93	6.39	2.16	7.18	10.38	6.07	2.11	4.38	3.52	7.23	5.65	1.13	3.16	6.64
Corynebacterium maris DSM 45190|35|66.7	12.36	6.55	2.45	6.66	0.56	3.16	6.49	8.64	2.2	4.43	9.83	2.53	1.86	3.16	5.2	5.36	6.19	1.46	2.18	8.72
Corynebacterium terpenotabidum Y-11|28|67	12.42	6.8	2.23	6.9	0.73	2.81	5.65	9.11	2.08	4.38	9.64	2.2	1.77	2.95	5.32	5.63	7.03	1.46	2.02	8.89
Deinococcus actinosclerus BM2|31|70.6	13.17	7.68	2.33	5.35	0.63	3.7	4.93	9.37	2.19	3.32	11.49	2.25	1.45	2.99	6.18	4.86	6.6	1.44	2.19	7.83
Desulfobulbus propionicus 1pr3, DSM 2032|39|58.9	9.92	6.56	3.12	5.21	1.34	4.12	6.28	7.73	2.33	5.86	10.99	4.14	2.19	3.88	4.74	5.36	5.47	1.1	2.61	7.05
Desulfotalea psychrophila LSv54|10|46.8	8.58	5.04	3.74	5.09	1.4	3.74	6.37	7.55	2	7.14	10.48	5.68	2.29	4.32	3.96	6.62	5.26	1.02	3	6.7
Desulfurobacterium thermolithotrophum BSA, DSM 11699|70|34.9	5.97	4.55	4.05	4.51	0.97	2.06	8.64	6.59	1.48	8.51	10.12	10.14	1.51	5.16	3.82	5.61	4.62	0.79	3.63	7.27
Desulfuromonas sp. WTL|25|61.2	10.08	6.85	2.87	5.23	1.17	3.11	6.77	8.66	1.98	5.44	11.5	3.99	1.84	4.09	4.9	5.48	5.17	1.05	2.6	7.21
Dictyoglomus thermophilum H-6-12, ATCC 35947|78|33.7	5.17	4.49	4.79	4.93	0.72	2.15	8.17	6.63	1.36	9.72	10.49	8.61	1.64	5.14	4.02	5.69	4.2	1.1	4.39	6.59
Dinoroseobacter shibae DFL-12, DSM 16493|33|65.51	13.18	6.91	2.33	5.96	0.9	3.05	5.87	8.82	1.94	4.9	10.33	2.78	2.36	3.71	5.52	4.85	5.68	1.39	2.12	7.41
Dyadobacter fermentans NS114, DSM 18053|28|51.5	8.29	4.91	4.93	5.42	0.74	3.77	5.89	7.37	1.95	6.35	9.38	5.96	2.03	4.8	4.24	6.32	5.72	1.34	3.86	6.73
Enterococcus faecium Hucker1, NRRL B-2354|26|38.2	7	3.59	4.45	5.14	0.61	4.2	7.65	6.56	1.91	7.75	9.99	7.05	2.36	4.74	3.51	5.99	5.75	0.96	3.76	6.69
Escherichia coli O145:H28 RM13514|37|50.6	9.44	5.65	4.09	5.23	1.18	4.45	5.84	7.35	2.23	5.92	10.41	4.53	2.45	3.82	4.41	6.05	5.54	1.54	2.89	6.99
Flexistipes sinusarabici MAS10, DSM 4947|47.5|38.3	6.07	4.04	5.39	5.65	1.13	2.35	7.25	6.59	1.69	8.31	9.25	8.76	2.19	5.26	3.23	6.64	4.64	0.71	4.17	6.65
Haemophilus parasuis SH0165|37|40	8.38	4.57	4.64	5.03	1.02	4.95	6.64	6.6	2.1	6.94	10.49	6.32	2.08	4.4	3.78	5.72	5.2	1.15	3.22	6.77
Halothiobacillus neapolitanus c2, ATCC 23641|40|54.7	10.71	6.23	3.34	5.64	0.85	4.4	5.43	7.56	2.43	5.76	10.58	3.75	2.24	3.79	5.03	5.91	5.48	1.4	2.4	7.05
Hyphomicrobium nitrativorans NL23|32.5|63.9	12.96	7.46	2.49	5.74	0.79	2.91	6.02	8.51	2.08	4.98	9.89	3.42	1.9	3.61	5.27	5.5	5.46	1.3	2.16	7.55
Ignavibacterium album Mat9-16, JCM 16511|45|33.9	5.77	3.73	6.21	5.38	0.71	3.09	6.66	6.23	1.47	8.89	9.52	7.93	1.62	5.66	3.65	6.91	5.23	1.04	4.15	6.15
Isosphaera pallida IS1B, ATCC 43644|45|62.4	10.88	8.46	2.8	5.83	0.85	3.42	5.89	8.07	2.19	4.35	10.86	2.44	1.45	3.36	7.12	5.66	5.58	1.68	1.8	7.31
Kocuria rhizophila DC2201|30|71.2	12.84	7.59	2.01	5.88	0.7	3.22	6.05	9.09	2.45	3.46	9.79	2.12	1.78	2.87	5.78	5.71	6.13	1.46	1.95	9.11
Lacinutrix sp. 5H-3-7-4|17.5|30.8	6.43	3.06	7.08	5.59	0.77	3.34	6.48	6.02	1.64	8.17	9.14	8.24	1.69	5.27	3.2	6.34	6.41	0.94	4.04	6.13
Lactococcus lactis subsp. cremoris NZ9000|40|35.3	7.35	3.7	5.17	5.29	0.48	3.74	7.07	6.53	1.79	7.72	10.02	7.49	2.16	4.82	3.23	6.54	5.73	1	3.62	6.55
Leisingera methylohalidivorans MB2, DSM 14336|20|62.4	12.67	6.58	2.66	5.69	0.98	3.57	6.1	8.9	2.07	4.92	10.12	3.51	2.43	3.74	5.06	5.27	5.15	1.4	2.25	6.92
lumatobacter coccineum YM16-304|20|67.3	12.24	6.72	2.33	7.78	0.83	2.57	5.8	8.88	2.14	4.68	9.06	1.84	1.75	3.21	5.48	6	6.58	1.42	1.83	8.85
Marinitoga piezophila KA3|65|29.2	5.06	3.18	6.18	5.29	0.46	1.98	8.22	5.91	1.38	10.49	9.32	9.95	2.1	5.38	3.17	5.68	4.66	0.81	4.84	5.91
Mesoplasma florum L1|30|27	5.54	2.79	7.27	5.37	0.61	3.05	7.31	5.39	1.25	9.99	9.04	9.75	2.04	5.19	2.53	6.54	5.44	0.04	3.75	6.08
Methylococcus capsulatus Bath|45|63.6	11.22	7.87	2.6	5.42	1.1	3.23	6.31	8.52	2.33	4.78	10.93	3.25	1.87	3.81	5.38	5.26	4.82	1.4	2.53	7.36
Mycobacterium tuberculosis H37Rv|37|65.6	13.92	7.36	2.54	5.83	0.89	3.1	4.7	9.96	2.24	4.28	9.8	2.05	1.67	2.96	5.83	5.5	5.94	1.48	2.09	8.5
Mycoplasma hyopneumoniae 7422|37|28.5	5.06	2.95	7.62	4.81	0.41	4.11	6.5	4.61	1.21	9.82	10.01	10.75	1	6.93	3.06	7.13	4.53	0.27	3.7	4.76
Mycoplasma mobile 163K|20|25	4.84	2.88	8.52	4.72	0.27	3.02	6.93	4.81	1.25	10.65	9.71	10.01	1.24	6.33	2.66	7.51	5.2	0.07	3.37	5.25
Natranaerobius thermophilus JW/NM-WN-LF|53|36.3	6.06	4	5	5.85	0.89	3.83	8.52	6.94	1.86	8.06	9.87	6.92	2.16	4.15	3.66	6.07	5.09	0.83	3.59	6.68
Oenococcus oeni PSU-1|21|37.9	7.43	3.92	5.38	5.66	0.34	4.03	5.35	6.46	1.87	8.28	10.02	7.56	2	5.08	3.34	7.11	5.35	1.01	3.43	6.41
Paenibacillus borealis DSM 13188|28|51.4	11.14	6.66	2.17	8.69	0.74	2.74	8.32	8.56	1.98	3.95	8.93	1.68	1.36	3.17	4.62	5.58	6.67	1.14	2.67	9.24
Parageobacillus thermoglucosidasius C56-YS93|60|43.9	7.96	4.93	3.75	4.7	0.85	3.89	7.48	6.83	2.35	7.62	9.83	6.74	2.42	4.48	3.94	5.23	5.07	1.12	3.55	7.28
Pelodictyon (Chlorobium) luteolum DSM 273|25|57.3	9.61	6.46	3.05	5.28	1	2.97	6.72	8.16	2.13	6.04	10.29	4.3	2.49	4.13	4.6	6.67	5.31	1.06	2.76	6.96
Photobacterium profundum SS9|15|42	8.54	4.66	4.35	5.56	1.13	4.43	6.15	6.82	2.26	6.66	10.42	5.39	2.48	4.04	3.89	6.53	5.54	1.23	2.99	6.94
Polaromonas naphthalenivorans CJ2|20|62.5	12.54	6.36	2.87	5.01	1.01	4.2	5.21	8.21	2.23	4.62	10.87	3.85	2.27	3.61	5.19	5.78	5.16	1.42	2.25	7.35
Polaromonas sp. JS666|20|62.5	12.48	6.49	2.71	4.98	0.97	4.01	5.21	8.27	2.27	4.57	10.81	3.75	2.28	3.62	5.27	5.64	5.27	1.42	2.27	7.7
Pseudomonas aeruginosa PAO1|27.5|66.6	11.69	7.64	2.65	5.34	1.01	4.26	6.1	8.46	2.18	4.19	12.51	2.88	1.77	3.57	5.09	5.53	4.18	1.49	2.55	6.9
Pseudomonas putida S16|30|61.5	11.32	6.64	2.91	5.3	1.02	4.72	5.76	8.14	2.35	4.58	11.88	3.41	2.08	3.56	4.88	5.51	4.7	1.46	2.53	7.25
Pseudothermotoga thermarum DSM 5069|80|40.3	6.79	4.51	3.88	4.71	0.98	2.94	7.46	6.54	1.5	7.86	10.44	7.98	2.08	5.17	3.79	5.68	4.68	1.02	3.63	8.3
Psychrobacter arcticus 273-4|-2.5|42.8	9.39	4.47	4.57	6.1	0.89	4.73	5.56	6.65	2.26	6.79	9.92	5.14	2.49	3.65	4	6.5	5.98	1.15	3.05	6.71
Renibacterium salmoninarum ATCC 33209|15|56.3	12.37	6.13	2.9	5.3	0.68	3.73	5.6	8.47	1.9	4.97	10.5	3.3	1.65	3.38	5.04	6.8	5.6	1.49	2.14	8.06
Runella slithyformis LSU4, DSM 19594|25|46.6	7.73	4.78	4.95	5.05	0.84	3.96	5.97	7.01	1.94	6.38	9.77	6.38	1.98	4.99	4.28	6.04	5.99	1.39	3.91	6.65
Saccharomonospora viridis P101, DSM 43017|55|67.3	12.16	8.08	1.96	6.24	0.77	2.71	6.45	8.87	2.25	3.55	10.36	2.17	1.44	2.86	5.8	5.35	6.14	1.45	2.08	9.29
Salinibacter ruber M31, DSM 13855|42|66.12	10.74	7.76	2.45	7.02	0.69	3.55	7.04	8.38	2.24	3.72	9.75	2.1	1.64	3.4	5.68	5.83	6.23	1.25	2.62	7.9
Serratia plymuthica AS9|25|56	10.34	5.83	3.59	5.11	1.05	4.93	5.35	7.76	2.24	5.54	11.37	3.88	2.31	3.82	4.63	5.86	5.11	1.43	2.84	7
Shewanella baltica OS223|4|46.3	9.66	4.53	4.08	5.49	1.05	4.87	5.66	6.87	2.27	6.11	10.87	5.02	2.32	4.02	4.03	6.59	5.48	1.25	3	6.83
Shewanella denitrificans OS217|22.5|45.1	9.31	4.35	4.32	5.49	1.02	5.03	5.65	6.81	2.28	6.21	10.96	5.21	2.25	4.03	3.89	6.98	5.34	1.19	3.02	6.66
Shewanella halifaxensis HAW-EB4|10|44.6	9.03	4.27	4.3	5.55	1.12	4.62	6.06	6.95	2.16	6.45	10.57	5.27	2.39	4.06	3.85	6.88	5.35	1.19	3.07	6.86
Shewanella loihica PV-4|18|53.7	9.75	4.79	3.69	5.62	1.05	4.94	6.13	7.29	2.24	5.78	11.03	4.89	2.34	3.85	4.1	6.44	5.06	1.22	3.04	6.75
Shewanella sediminis HAW-EB3|10|46.1	8.6	4.43	4.17	5.65	1.11	4.35	6.33	7.12	2.22	6.43	10.62	5.27	2.38	4.07	3.87	7.04	5.38	1.2	3.03	6.74
Sphaerobacter thermophilus 4ac11, DSM 20745|55|68.1	12.13	8.47	2.06	5.66	0.66	3.21	6.51	8.56	2.06	5.01	10.52	1.7	1.67	3.12	5.99	4.51	5.65	1.43	2.46	8.6
Sphingomonas sanxanigenens DSM 19645, NX02|29|66.67	13.99	7.83	2.4	6.18	0.74	2.92	5.17	9.19	1.99	5.05	9.87	2.54	2.01	3.54	5.44	4.95	5.33	1.47	2.24	7.16
Spirochaeta thermophila Z-1203, DSM 6578|65|60.9	8.16	7.71	2.09	4.76	0.83	2.64	8.4	8.21	2.19	5.23	11.22	3.78	1.86	4.18	5.18	5.54	4.96	1.43	3.27	8.37
Staphylococcus lugdunensis N920143|33.5|33.9	6.56	3.58	5.3	5.73	0.67	4.54	6.21	6.14	2.59	8.77	9.43	7.14	2.36	4.55	3.28	5.93	5.79	0.78	4.02	6.6
Streptococcus thermophilus CNRZ1066|45|38.9	7.39	4.16	4.64	5.82	0.58	3.78	6.82	6.58	1.92	7.43	10.05	6.98	2.18	4.65	3.29	6.29	5.71	0.85	3.8	7.08
Sulfobacillus acidophilus TPY|50|56.8	10.37	7.31	2.37	4.9	0.55	4.19	5.36	8.21	2.65	5.22	10.82	2.42	2.02	3.39	5.96	5.09	5.77	2.37	2.71	8.33
Tessaracoccus flavus RP1T|28|67.9	12.39	7.35	2.13	6.31	0.72	2.98	5.86	8.87	2.14	4.26	10.16	2.21	1.73	3.04	5.56	5.76	6.12	1.59	2.04	8.75
Thermaerobacter marianensis 7p75a, DSM 12885|75|72.5	14.23	9.4	1.55	4.88	0.66	3.14	6	10.64	1.92	3.44	10.55	1.65	1.5	2.71	7.04	3.55	4.57	1.62	2.09	8.87
Thermoanaerobacter kivui DSM 2030|60|35	6.31	3.96	4.94	5.24	0.89	2.52	7.81	6.73	1.46	9.51	9.38	9.05	2.23	4.31	3.44	5.4	4.7	0.75	4.09	7.29
Thermobacillus composti KWC4, DSM 18247|50|60.6	10.25	7.33	2.97	5.34	0.82	3.11	7.04	8.12	2.07	5.93	10.2	4.25	2.36	3.86	4.57	5.18	4.89	1.39	3.17	7.16
Thermocrinis albus HI 11/12, DSM 14484|80|46.9	6.33	6.19	2.82	4.79	0.94	2.81	8.02	7.23	1.93	6.2	11.51	6.72	2.08	4.39	4.37	5.38	4.45	1.13	3.98	8.72
Thermodesulfatator indicus CIR29812, DSM 15286|70|42.4	7.64	5.37	3.29	4.38	1.16	2.82	8.23	6.78	1.82	7.27	11.48	8.02	1.52	5.01	4.83	4.97	4.31	1.1	3.28	6.72
Thermodesulfobium narugense Na82, DSM 14796|50|33.9	5.77	3.96	5.44	5.24	1.11	2.37	6.82	6.22	1.41	9.27	10.3	8.37	1.88	5.78	3.6	7.13	4.41	0.81	3.67	6.43
Thermomicrobium roseum DSM 515|70|63.6	11.61	9.27	1.73	4.87	0.82	3.43	6.76	7.93	2.09	4.89	11.75	1.64	1.37	3.26	6.08	4.62	5.32	1.67	2.36	8.52
Thermotoga maritima MSB8|80|46.2	5.89	5.52	3.62	4.99	0.7	2.02	8.95	6.94	1.58	7.23	10.1	7.64	2.09	5.2	3.99	5.64	4.54	1.11	3.59	8.66
Thermotoga neapolitana DSM 4359|72.5|46.9	5.83	5.76	3.49	4.98	0.73	2	8.85	6.98	1.64	7.09	10.16	7.36	2.19	5.27	3.97	5.74	4.56	1.11	3.57	8.72
Thermus scotoductus SA-01, ATCC 700910|65|64.9	10.64	7.87	1.75	3.6	0.41	2.95	8.29	9.17	1.93	3.21	14.5	3.82	1.36	3.87	6.32	3.93	4.07	1.46	2.93	7.91
Thermus thermophilus HB8|85|69.5	11.57	8.52	1.56	3.62	0.39	2.45	8.72	9.3	1.87	2.7	14.57	3.65	1.23	3.79	6.49	3.4	3.77	1.31	2.89	8.19
Tolumonas auensis TA 4, DSM 9187|22|49	9.48	5.26	3.7	5.34	1.13	4.88	5.89	7.08	2.4	6.14	11.13	4.62	2.35	3.9	4.38	5.97	5.21	1.37	2.92	6.86
Vibrio vulnificus M06-24/O|25|46.3	8.97	4.78	3.99	5.38	1.03	4.85	6.64	6.82	2.33	6.09	10.53	5.24	2.4	4.13	3.9	6.29	5.18	1.26	3	7.2
Xanthomonas citri citri Aw|28|64.6	13.12	7.48	2.7	5.76	0.88	4.56	4.8	8.35	2.29	4.05	10.83	2.68	1.8	3.24	5.29	5.63	5.24	1.59	2.43	7.3
Acidianus hospitalis W1|65|34.1	5.81	4.05	4.72	4.82	0.79	2.04	7.33	6.52	1.28	9.81	10.06	8.32	1.87	4.52	3.89	6.8	4.55	0.97	4.72	7.12
Acidilobus saccharovorans 345-15|80|57.2	9.66	6.53	2.85	4.67	0.64	2.23	6.45	8.12	1.34	5.64	10.9	4.31	2.19	3.31	4.98	7.3	4.48	1.23	4	9.18
Archaeoglobus fulgidus VC-16, DSM 4304|76|48.6	7.85	5.89	3.2	4.89	1.19	1.81	8.94	7.3	1.51	7.21	9.52	6.91	2.24	4.57	3.86	5.56	4.19	1.06	3.63	8.57
Archaeoglobus profundus Av18, DSM 5631|82|42	6.49	5.73	3.53	5.34	1.31	1.58	8.6	6.66	1.52	8.33	9.8	8.26	1.9	4.51	3.73	5.04	4.16	0.99	3.83	8.71
Caldisphaera lagunensis IC-154, DSM 15908|75|30	5.7	3.58	6.22	4.86	0.62	1.97	6.7	6.49	1.23	10.86	9.98	8.37	2.03	4.11	3.98	7.04	4.37	1.01	4.86	6.01
Cenarchaeum symbiosum A|10|57.4	9.27	6.39	2.97	6.54	1.16	2.39	6.28	9.6	2.09	5.91	8.29	4.16	2.65	3.55	5.25	7.12	5.29	0.86	3.1	7.13
Desulfurococcus kamchatkensis 1221n|85|45.34	6.6	6.21	3.47	4.57	0.74	1.74	7.16	7.41	1.67	8.54	10.77	5.82	1.98	3.27	4.5	6.49	4.8	1.1	4.56	8.6
Fervidicoccus fontis Kam940|67.5|37.5	6.11	4.43	4.41	4.45	0.72	1.93	7.78	6.69	1.31	9.71	10.14	8.25	2.07	4.43	3.91	7.49	4.29	0.96	4.22	6.72
Haloferax volcanii DS2|42|66.6	11.46	6.69	2.32	8.63	0.67	2.29	8.06	8.66	1.92	3.77	9.1	1.98	1.45	3.46	4.58	5.74	6.09	1.08	2.58	9.48
Halogeometricum borinquense PR3, DSM 11551|40|61.1	10.52	6.49	2.61	8.34	0.69	2.55	8.51	8.23	2.03	4.12	8.73	2.24	1.5	3.47	4.5	5.99	6.59	1.11	2.7	9.08
Halomicrobium mukohataei arg-2, DSM 12286|45|65.6	11.14	6.66	2.17	8.69	0.74	2.74	8.32	8.56	1.98	3.95	8.93	1.68	1.36	3.17	4.62	5.58	6.67	1.14	2.67	9.24
Haloplanus natans DSM 17983|40|65	11.43	7.31	2.22	8.64	0.75	2.18	7.8	8.77	1.97	3.79	9.02	1.76	1.35	3.22	4.82	5.27	6.56	1.12	2.65	9.34
Halorhabdus tiamatea SARL4B|45|62.6	10.7	6.46	2.37	8.7	0.61	2.67	8.94	8.35	2.03	4.38	8.83	1.82	1.41	3.27	4.61	5.48	6.6	1.17	2.73	8.86
Halorubrum lacusprofundi ATCC 49239|34|66.7	11.87	6.7	2.27	8.96	0.66	2.03	8.46	9.11	1.88	4.11	8.59	1.73	1.35	3.26	4.77	5.29	6.2	1.05	2.52	9.19
Halovivax ruber XH-70, DSM 18193|37|64.3	11.13	6.47	2.14	8.85	0.75	2.45	8.26	8.55	2.05	4.29	8.75	1.57	1.35	3.16	4.82	5.88	6.86	1.12	2.61	8.94
Ignicoccus islandicus Kol8, DSM 13165|90|44.9	6.9	5.43	3.53	4.57	1.03	1.76	8.2	6.79	1.46	7.21	10.94	7.56	1.9	3.58	4.57	6.17	4.46	1.3	3.87	8.78
Methanobacterium formicicum BRM9|35|41.3	6.48	4.1	4.66	5.56	1.14	3.2	7.43	7.24	1.89	8.15	9.74	6.79	2.43	3.98	4.06	6.14	5.46	0.89	3.46	7.19
Methanobrevibacter olleyae DSM 16632|37|26.9	6.03	3.26	6.55	6.49	1.21	2.1	7.65	6.47	1.51	9.66	9.05	8.31	1.91	4.3	3.07	6.86	4.95	0.66	3.88	6.09
Methanocaldococcus infernus ME|73|33.6	5.38	4.3	4.7	5.03	1.3	1.25	9.27	6.42	1.42	10.18	10.34	10.52	1.64	4.21	3.45	4.83	3.79	0.65	4.33	7
Methanococcoides burtonii DSM 6242|23.4|40.8	6.8	4.18	4.6	6.35	1.2	2.46	7.34	7.09	1.95	8.46	8.98	6.47	2.69	4.03	3.63	6.75	5.45	0.87	3.39	7.31
Methanococcus maripaludis S2|32.5|33.1	5.83	3.11	5.65	5.62	1.37	1.88	8.16	6.77	1.51	9.43	9.16	8.88	2.28	4.22	3.41	6.27	4.97	0.65	3.83	7
Methanococcus vannielii SB|30|31.3	5.27	3.2	6.01	5.24	1.3	1.83	7.96	6.6	1.53	9.95	9.32	9.44	2.12	4.36	3.36	6.46	4.87	0.6	3.86	6.7
Methanoculleus marisnigri JR1, DSM 1498|23|62.1	10.21	7.04	2.73	5.75	1.31	2.35	7.2	8.54	1.98	6.17	9.5	3.37	2.08	3.65	5.01	5.12	5.56	1.01	3.04	8.38
Methanosarcina mazei Go1|35|41.5	7.09	4.68	4.36	5.27	1.25	2.49	8.19	7.25	1.68	7.68	9.46	6.84	2.17	4.31	4.02	6.77	5.13	0.94	3.54	6.89
Methanosarcina thermophila TM-1|50|41.1	7.43	4.81	4.23	5.14	1.25	2.48	8.18	7.25	1.65	7.9	9.6	6.79	2.1	4.19	4.14	6.54	5.08	0.9	3.43	6.89
Methanothermobacter thermautotrophicus Delta H|67.5|49.5	7.35	6.81	3.32	5.93	1.21	1.91	8.17	8	1.88	7.73	9.5	4.58	2.73	3.66	4.32	6.16	4.98	0.84	3.24	7.69
Natronococcus occultus SP4|37|64.9	10.73	6.7	2.18	8.48	0.76	2.34	9.66	8.37	1.98	4.29	9.16	1.72	1.36	3.2	4.68	5.32	6.26	1.15	2.77	8.89
Palaeococcus pacificus DY20341|80|43	7.17	4.83	3.44	4.63	0.58	1.97	8.89	7.25	1.63	8.24	10.5	8.22	2.1	4.57	4	4.97	4.35	1.16	3.92	7.58
Picrophilus torridus DSM 9790|60|36	5.63	4.44	6.64	5.88	0.62	1.47	5.68	6.54	1.49	11.11	8.66	6.92	2.75	4.87	3.5	7.46	4.39	0.74	5.46	5.75
Pyrobaculum islandicum DSM 4184|100|49.6	9.17	6.88	2.51	4.47	0.89	2.12	7.02	7.47	1.55	6.65	10.63	5.73	1.58	3.56	5.03	4.77	4.75	1.36	4.28	9.57
Pyrococcus furiosus DSM 3638|86.5|40.8	6.58	5.35	3.5	4.38	0.6	1.76	8.94	7.15	1.52	8.74	10.16	8.13	1.91	4.45	4.3	4.95	4.43	1.24	4.02	7.89
Pyrococcus yayanosii CH1|98|51.6	7.58	6.57	2.94	4.56	0.6	1.68	8.96	7.68	1.64	7.48	10.64	6.73	2.06	4.33	4.4	4.51	4.37	1.24	3.69	8.31
Pyrolobus fumarii 1A, DSM 11204|106|54.9	9.58	8.16	2.14	4.33	1.06	1.72	7.88	7.52	1.89	5.9	11.43	4.52	1.81	2.64	5.01	5.17	4.51	1.36	3.54	9.85
Sulfolobus islandicus M.16.4|80|35	5.68	4.41	5.12	4.76	0.6	2.13	6.88	6.49	1.3	9.79	10.31	7.67	1.87	4.36	3.89	6.75	4.79	1.04	4.84	7.33
Thermococcus sp. CL1|85|55.8	7.74	6.57	3.07	4.75	0.54	1.7	8.74	7.98	1.66	6.66	10.61	5.97	2	4.29	4.49	4.88	4.65	1.3	3.87	8.53
Thermoplasma acidophilum DSM 1728|54|46	6.99	5.49	4.26	5.78	0.58	2.16	6.03	7.28	1.63	9.07	8.44	5.69	2.88	4.7	3.95	7.56	4.79	0.85	4.65	7.2
Thermoplasma volcanium GSS1|50|39.9	6.42	4.7	4.73	5.52	0.6	2.09	6.4	7.03	1.51	9.2	8.77	6.9	2.45	4.76	3.79	7.54	4.81	0.84	4.75	7.17
Thermoproteus tenax Kra1|86|55.1	10.11	7.12	2.59	4.55	0.82	2.12	6.72	7.92	1.44	6.26	10.93	4.74	1.75	3.44	5.1	5.68	4.27	1.33	4.18	8.92
Vulcanisaeta distributa DSM 14429|90|45.4	7.09	6.39	4.39	4.86	0.74	1.9	6.02	7.5	1.45	8.51	10.53	4.65	2.36	3.46	4.51	6.04	4.85	1.29	4.46	9
